01_noise_params.csv
signal_mean_LSB,signal_std_LSB,signal_pp_LSB,signal_ENOB_bits,signal_SNR_dB,ground_mean_LSB,ground_std_LSB,diff_mean_LSB,diff_std_LSB,diff_pp_LSB,diff_ENOB_bits,diff_SNR_dB,pearson_correlation,covariance_LSB2,noise_reduction_ratio,noise_reduction_percent,noise_reduction_dB
-5.82509376065462,1.0452224528138914,7,13.213723954354458,89.92482409124509,3.5446641663825433,1.1674350228728076,-9.369757927037163,1.561501712803753,11,12.634599823684272,86.43814940035404,0.007009710975548235,0.008554913093181557,0.6693700328622395,-49.39419915827128,-3.486674690891066


02_repeatability_results.csv
Force_N,Mean_LSB,Std_LSB,Max_LSB,Min_LSB,Range_LSB,RSD_percent,N_trials,Avg_noise_LSB,Repeatability_FS_percent
0.0,5.2221781483355985,0.34411434159512083,5.655226209048362,4.742951907131012,0.9122743019173498,6.589479175558119,10,1.1880865468364163,0.004591995142441073
1.0,-1047.9265935505978,14.688378805647755,-1028.6244897959184,-1072.1167582417581,43.49226844583973,-1.4016610415315838,10,7.405138017503657,0.19600741954901788
2.0,-1907.2243789063382,16.026866250705872,-1876.7018633540372,-1931.9728434504793,55.270980096442145,-0.8403241080578142,10,6.797111582632927,0.2138687147726761
3.0,-2671.090121338931,21.78694800177717,-2637.37488372093,-2702.3540587219345,64.97917500100448,-0.8156575410063692,10,5.287169283925028,0.29073347809051486
4.0,-3538.951003729909,6.181965846810754,-3529.1666666666665,-3550.549295774648,21.382629107981302,-0.17468356697493737,10,7.145578725739291,0.08249454820076031
5.0,-4256.510423865148,17.16314627049088,-4225.105263157895,-4275.902973395931,50.797710238036416,-0.4032210557799078,10,7.809173543737023,0.22903167574407549
6.0,-4930.110302255171,8.2006095709259,-4915.551418439716,-4945.136165577342,29.584747137625527,-0.16633724335081734,10,10.523925547549256,0.10943211241993013
7.0,-5518.25601099078,6.139666221301769,-5504.89649122807,-5528.538562091503,23.64207086343322,-0.1112609891435504,10,6.252161234341212,0.08193008560392709
8.0,-6165.725557181519,17.97056985634123,-6146.0078247261345,-6205.143654114366,59.135829388231286,-0.2914591265809753,10,8.317284308085615,0.23980624900635333
9.0,-6695.552441108371,10.95678772423643,-6678.267950963223,-6712.391666666666,34.12371570344385,-0.1636427736263486,10,7.335140603657264,0.14621162190807407
10.0,-7488.56496493196,11.794135404806086,-7461.600409836065,-7502.205792682927,40.605382846861175,-0.15749526725129032,10,8.855121957394932,0.15738551388795047


03_calibration_data.csv
Folder,Force_N,Output_LSB,Std_LSB,Predicted_LSB,Residual_LSB
0,0.0,4.060457516339869,1.1893887263265823,-429.72953302556425,433.7899905419041
1,1.0,-1104.7168209876543,3.7034219768107586,-1151.2436368768101,46.52681588915584
2,2.0,-1920.223597359736,5.643449217650892,-1872.757740728056,-47.465856631680026
3,3.0,-2813.5819672131147,10.010519191866502,-2594.271844579302,-219.31012263381263
4,4.0,-3538.066862601029,6.167685901364358,-3315.7859484305477,-222.28091417048108
5,5.0,-4226.209756097561,7.209517361857049,-4037.3000522817933,-188.90970381576744
6,6.0,-4947.045155993432,16.47275993029552,-4758.814156133039,-188.23099986039233
7,7.0,-5544.410835214447,7.441756994013343,-5480.328259984286,-64.08257523016073
8,8.0,-6117.803156146179,10.254095203578762,-6201.842363835531,84.03920768935131
9,9.0,-6709.772690763052,7.4654046275985895,-6923.356467686777,213.58377692372505
10,10.0,-7492.530190239868,10.032748199782295,-7644.870571538022,152.34038129815417


03_calibration_params.csv
Sensitivity_LSB_per_N,Sensitivity_mV_per_N,Zero_Offset_LSB,Full_Scale_LSB,R2,RMSE_LSB,Nonlinearity_LS_percentFS,Nonlinearity_EP_percentFS
-721.5141038512459,-110.09431516284879,-429.72953302556425,-7496.5906477562075,0.9923540845481631,200.27476913015104,-5.786496968081631,-7.585651359699069


04_hysteresis_data.csv
Force_N,Loading_LSB,Unloading_LSB,Error_LSB,Error_percentFS
0.0,-4.1600985221674875,-4.3069883527454245,-0.14688983057793692,0.001959381595513261
1.0,-1096.9778656126482,-1065.0247295208655,31.953136091782653,0.42622682952820656
2.0,-1962.4176954732511,-1935.817018072289,26.600677400962013,0.35482972185726747
3.0,-2815.6189634864545,-2812.019674355495,3.599289130959278,0.04801136234132064
4.0,-3568.2372583479787,-3523.2016742770165,45.03558407096216,0.600735219209161
5.0,-4277.556940980881,-4243.454404945905,34.102536034976765,0.4548979408877997
6.0,-4959.6235119047615,-4940.1572016460905,19.466310258671,0.25966351723139597
7.0,-5556.692637598285,-5533.952288845906,22.74034875237885,0.3033363211439132
8.0,-6093.178981937603,-6050.694625407166,42.484356530436344,0.5667040798906323
9.0,-6719.502880658436,-6690.470588235294,29.03229242314228,0.3872653350177419
10.0,-7500.9045261669025,-7513.059607843137,-12.155081676234659,0.1621381360075715


04_hysteresis_params.csv
Full_Scale_LSB,Max_Hysteresis_percentFS,Avg_Hysteresis_percentFS,Num_Test_Points
7496.744427644735,0.600735219209161,0.32416071315550216,11


05_detection_limit_data.csv
Force_N,Force_mN,Mean_LSB,Std_LSB,Delta_S_LSB,SNR,SNR_dB,Detectable_3sigma,p_value,Significant
0.05,50.0,-71.19436813186813,1.7304627268722987,-65.98850732600732,56.45174687733381,35.03354771085244,True,0.0,True
0.1,100.0,-116.7865416436845,2.003635914020987,-111.58068083782369,95.45486943564897,39.59596175885586,True,0.0,True
0.2,200.0,-226.75500303214068,315.304245363849,-221.54914222627988,189.53051985340483,45.553583076232655,True,3.5298868888690723e-134,True
0.5,500.0,-574.805735930736,4.1058280823672755,-569.5998751248752,487.28042616653556,53.7555793263906,True,0.0,True


05_detection_limit_params.csv
Noise_Std_LSB,Noise_3sigma_LSB,Sensitivity_LSB_per_N,LOD_3sigma_N,LOD_3sigma_mN,LOD_theoretical_N,Resolution_1sigma_mN,Resolution_3sigma_mN
1.1689364984470065,3.5068094953410194,-1139.1997502497504,0.05,50.0,,,


06_temperature_data.csv
Temperature_degC,Theoretical_LSB,Output_Raw_LSB,Output_Compensated_LSB,Std_LSB
25,-1881.5385600000002,-2205.107843137255,-2244.088544164868,4.971413217430652
30,-1513.8816000000002,-1891.5520467836257,-1874.9016404381596,5.882716673425604
35,-1140.81792,-1517.2217135382602,-1505.7147367114508,6.152404875266414
40,-764.1497599999999,-1193.5927777777779,-1136.5278329847424,8.403851832182903
45,-383.87712000000016,-753.1327102803739,-767.3409292580341,10.736513897006366
50,0.0,-359.9798962386511,-398.1540255313257,23.844317488937033
55,387.48159999999973,-35.1078431372549,-28.967121804617364,4.971413217430652


06_temperature_params.csv
Sensitivity_LSB_per_degC,Intercept_LSB,Compensation_Offset_LSB,Cold_Junction_Temp_degC,R2,RMSE_degC,Max_Error_degC,Resolution_1sigma_degC
73.83738074534169,-4090.02306279841,4090,50,0.9981998589625254,0.4246630887091888,0.7728462767368088,0.12568668867008423


